100
120 485
21 742
7 9
212 996
8 9
463 563
122 483
56 578
100 578
21 485
3 10
1 4
207 409
384 584
311 532
3 6
659 939
613 648
803 858
122 1000
9 109
7 122
1 485
1 584
260 647
484 742
1 5
212 997
1 1
121 484
1 742
10 386
98 279
484 484
585 702
192 219
597 886
7 584
762 872
1 65
3 742
1 109
149 466
3 4
484 485
65 584
26 690
7 302
1 6
1 2
120 121
9 122
9 121
442 621
64 808
7 65
7 484
31 297
4 9
1 10
765 999
120 122
65 742
182 367
9 302
483 484
140 692
262 751
121 742
1 9
360 627
1 104
15 903
13 472
1 121
100 1000
4 290
77 536
8 302
71 134
9 742
1 122
1 221
120 484
1 1000
269 606
21 302
302 790
10 120
303 484
303 742
1 101
8 65
297 690
3 5
103 415
1 484
3 584
3 109
676 676
