100
3 8
5 6 9 4 8 2 1 7
3 1
2
3 100
2 4 8 16 32 64 128 256 512 1024 2048 4096 8192 16384 32768 65536 131072 262144 524288 1000000 1000000 1000000 1000000 1000000 1000000 1000000 1000000 1000000 1000000 1000000 1000000 1000000 1000000 1000000 1000000 1000000 1000000 1000000 1000000 1000000 1000000 1000000 1000000 1000000 1000000 1000000 1000000 1000000 1000000 1000000 1000000 1000000 1000000 1000000 1000000 1000000 1000000 1000000 1000000 1000000 1000000 1000000 1000000 1000000 1000000 1000000 1000000 1000000 1000000 1000000 1000000 1000000 1000000 1000000 1000000 1000000 1000000 1000000 1000000 1000000 1000000 1000000 1000000 1000000 1000000 1000000 1000000 1000000 1000000 1000000 1000000 1000000 1000000 1000000 1000000 1000000 1000000 1000000 1000000 1000000
3 100
1 4 4 4 4 4 4 4 4 4 4 4 4 4 4 4 4 4 4 4 4 4 4 4 4 4 4 4 4 4 4 4 4 4 4 4 4 4 4 4 4 4 4 4 4 4 4 4 4 4 4 4 4 4 4 4 4 4 4 4 4 4 4 4 4 4 4 4 4 4 4 4 4 4 4 4 4 4 4 4 4 4 4 4 4 4 4 4 4 4 4 4 4 4 4 4 4 4 4 4
1000000 1
1000000
2 20
1000000 1000000 1000000 1000000 1000000 1000000 1000000 1000000 1000000 1000000 1000000 1000000 1000000 1000000 1000000 1000000 1000000 1000000 1000000 1000000
3 5
11 20 60 22 100
2 21
1000000 1000000 1000000 1000000 1000000 1000000 1000000 1000000 1000000 1000000 1000000 1000000 1000000 1000000 1000000 1000000 1000000 1000000 1000000 1000000 1000000
2 100
1000000 1000000 1000000 1000000 1000000 1000000 1000000 1000000 1000000 1000000 1000000 1000000 1000000 1000000 1000000 1000000 1000000 1000000 1000000 1000000 1000000 1000000 1000000 1000000 1000000 1000000 1000000 1000000 1000000 1000000 1000000 1000000 1000000 1000000 1000000 1000000 1000000 1000000 1000000 1000000 1000000 1000000 1000000 1000000 1000000 1000000 1000000 1000000 1000000 1000000 1000000 1000000 1000000 1000000 1000000 1000000 1000000 1000000 1000000 1000000 1000000 1000000 1000000 1000000 1000000 1000000 1000000 1000000 1000000 1000000 1000000 1000000 1000000 1000000 1000000 1000000 1000000 1000000 1000000 1000000 1000000 1000000 1000000 1000000 1000000 1000000 1000000 1000000 1000000 1000000 1000000 1000000 1000000 1000000 1000000 1000000 1000000 1000000 1000000 1000000
3 5
27 729 9 243 81
2 19
1000000 1000000 1000000 1000000 1000000 1000000 1000000 1000000 1000000 1000000 1000000 1000000 1000000 1000000 1000000 1000000 1000000 1000000 1000000
1 100
2 2 2 2 2 2 2 2 2 2 2 2 2 2 2 2 2 2 2 2 2 2 2 2 2 2 2 2 2 2 2 2 2 2 2 2 2 2 2 2 2 2 2 2 2 2 2 2 2 2 2 2 2 2 2 2 2 2 2 2 2 2 2 2 2 2 2 2 2 2 2 2 2 2 2 2 2 2 2 2 2 2 2 2 2 2 2 2 2 2 2 2 2 2 2 2 2 2 2 2
1 100
1000000 1000000 1000000 1000000 1000000 1000000 1000000 1000000 1000000 1000000 1000000 1000000 1000000 1000000 1000000 1000000 1000000 1000000 1000000 1000000 1000000 1000000 1000000 1000000 1000000 1000000 1000000 1000000 1000000 1000000 1000000 1000000 1000000 1000000 1000000 1000000 1000000 1000000 1000000 1000000 1000000 1000000 1000000 1000000 1000000 1000000 1000000 1000000 1000000 1000000 1000000 1000000 1000000 1000000 1000000 1000000 1000000 1000000 1000000 1000000 1000000 1000000 1000000 1000000 1000000 1000000 1000000 1000000 1000000 1000000 1000000 1000000 1000000 1000000 1000000 1000000 1000000 1000000 1000000 1000000 1000000 1000000 1000000 1000000 1000000 1000000 1000000 1000000 1000000 1000000 1000000 1000000 1000000 1000000 1000000 1000000 1000000 1000000 1000000 1000000
3 4
1 6 12 49
2 6
9 64 19 16 81 80
72109 46
85164 264078 185937 163619 291675 729123 388705 87803 393361 956 620010 334624 36008 854 973938 486467 620138 531659 5526 886578 4120 1147 254273 4611 7437 18582 16150 75682 1769 94626 88502 616219 80881 409207 144549 80843 619 279029 724289 81757 823621 475083 957215 259614 692121 368028
38351 31
449890 22705 251474 295610 259439 951268 2128 468927 265869 674609 140973 859326 284298 586155 179113 152482 432133 474974 337497 431062 1792 809565 35046 964443 120218 859412 15703 747820 172581 10876 344474
71389 92
20695 305277 668945 60219 98256 968558 50272 186436 28032 5381 75832 281289 182670 43176 313731 603869 56726 386283 594001 81476 735791 66811 838385 38774 195288 66757 402048 53502 719 658146 236857 928453 682931 1287 11497 526484 157904 941014 705981 59 183313 175855 271553 114010 980019 660847 29747 323777 4512 25364 486173 800640 550953 40328 45243 537271 570377 34562 355 130475 22684 2722 28762 568642 60859 23659 27520 230013 335023 782836 116952 389073 209200 838613 414742 739619 226115 754796 27263 3526 875900 536429 108053 194829 107238 207164 90061 366682 636154 844082 2556 43098
140172 63
653897 803545 146370 830614 292633 724135 11239 575032 11749 616072 171520 634212 306 811184 836184 722377 284191 40186 351978 980006 272764 26085 857080 232610 136866 430214 84533 51787 72240 42685 23029 139327 365408 64786 220170 186664 970 75034 583445 943315 316466 583735 12012 446875 567706 57194 22614 433973 395375 665618 218252 221450 126698 126326 252348 541750 32468 859284 361269 165572 446550 498134 228358
100898 73
16683 878298 788671 1474 1616 453362 314541 666533 930995 114767 828738 714514 6814 476713 331421 11475 714685 497069 656 96815 487342 67030 631124 121402 307815 183793 225817 12948 512178 10684 46424 202924 439582 850090 561950 300905 212 497902 238523 10878 991808 312544 24267 14499 65470 195372 210414 259687 460530 227922 3582 172680 580326 190729 9306 14427 176366 862942 827619 128108 8708 642253 181683 18615 212404 424392 147689 10511 573 624202 336429 458788 730862
59395 31
411895 188124 808737 770488 341848 530207 701196 881645 661751 400143 15650 1959 136063 430667 116613 166946 17363 567431 874225 35206 137129 169147 33403 119340 5167 341722 347281 397335 58069 405367 112821
2366 50
542123 312895 475646 166573 601531 82538 135738 436501 61314 806307 163291 774231 903 765990 1532 177914 281518 270441 483890 962661 44410 987481 746954 9217 140512 617021 631739 97168 367544 93656 77 502137 124142 454261 139769 4687 145545 55358 1380 107 864329 182865 345519 10041 414522 702964 34674 71052 151539 18448
111076 22
7421 618200 108545 802604 28851 26408 294329 155604 34739 7806 939511 51812 234671 342486 338612 222977 15122 156148 115342 3682 111 215464
14858 14
7683 159482 999087 623839 295543 7710 89367 374457 336267 299961 438817 124230 774814 42026
77252 39
175533 338631 506878 791805 657498 6710 719993 762662 41650 551654 424664 794868 288711 40491 111171 817039 214397 151328 558347 265373 300570 307454 290165 863159 18660 146829 453488 462941 1412 202972 754412 38565 914308 933319 15199 169526 988903 355390 933047
41535 21
677005 274278 51979 38940 437609 6403 57321 222 398424 18210 11369 142768 419475 559661 64694 3552 760985 86264 96858 54808 110536
132619 66
438537 882553 846076 782843 172821 485707 150978 525552 180 396464 7623 316788 653475 104576 17 217415 185804 22438 39362 191114 261 374154 261525 4204 160056 498736 127938 33229 252516 330830 198233 363256 577788 527466 635504 91280 12704 406058 780077 148 16051 368694 79010 62157 54258 5793 822224 70020 438985 87117 921921 86402 586871 410736 1516 706411 671904 14458 526723 3495 480823 280040 246843 96334 134036 403517
62007 14
257361 238810 202856 96904 676400 717 93557 136419 811 22 387847 99022 854671 47430
212314 76
55 33303 109965 816156 275242 642345 503096 196419 696646 506572 232661 154436 9643 18605 13434 637510 33970 755309 57579 229882 781800 709770 344875 784154 857036 43277 784324 66322 73924 179854 836043 458565 20025 522980 65968 227682 18847 722355 52385 187152 482388 565307 932854 240422 263 24688 22594 6591 532040 685706 93047 960431 385449 349201 77312 790565 389669 51032 5104 493304 1 341790 665131 706761 99395 791030 923399 1989 48022 779644 606811 298649 971541 952219 12636 10699
41992 87
585880 517543 1035 660151 277004 569486 12802 445006 196081 138223 633043 127490 20899 790755 103370 97153 908429 148004 110163 5091 954311 846 379531 456281 45389 342242 139978 989341 473886 9671 448615 25921 455256 280805 47191 564642 419805 5781 722670 40563 101380 898461 44203 19242 14553 194207 964948 458789 46653 889733 840221 387039 323298 659486 489582 57576 722426 142321 83478 257432 1719 116330 110259 778595 828309 7205 255129 130442 528468 11596 992481 87532 6472 322852 178642 56828 439869 361871 905564 20193 970038 234736 316234 2173 586354 518439 644135
46107 82
11 650926 6743 13 495294 485531 866097 75742 989934 338886 60830 660613 652022 36194 627280 40425 540373 407928 475083 400144 173 18261 337516 980082 16237 175693 348803 255598 81206 11564 855243 29108 880343 447362 321134 186429 622533 775151 51722 27981 9813 123621 750065 20961 506743 433111 152118 52204 269559 11680 969841 893273 10230 798255 975534 990111 15 206005 236172 58427 18976 231724 312187 407483 308035 173 41689 407885 449962 140032 109592 2364 39729 197420 180490 72725 730659 94653 84264 226751 6591 315230
136896 85
179614 830709 597550 92097 188463 792843 65587 424617 335884 61737 504821 4245 119763 1821 347281 674161 345338 426996 696950 3979 337062 92892 339960 83873 31329 370205 302770 12683 165968 492933 395750 3620 1381 675179 328785 62593 691504 813248 159816 102116 815344 161173 401738 152902 362164 349454 171520 97548 777071 666814 182899 296481 28977 14205 360260 54182 875096 911206 38858 70471 981423 755744 625692 760351 148845 175792 857389 265270 59354 778964 24228 930280 586615 398754 27 480876 91196 461315 41722 815842 858112 114004 50764 51266 62145
232894 87
224749 474846 777869 24996 485050 169373 451030 896 118807 590840 197953 108993 22820 269059 428246 48310 33418 879068 878730 210313 546066 750 923691 181464 357641 610349 50685 654366 179764 475280 891292 466 229901 566215 100091 969213 113009 212209 233251 605638 764856 516151 947798 502568 339654 42152 2495 833306 536673 737297 4866 510317 88450 480597 537845 26 202888 528366 557592 982221 148962 322999 380992 84386 476907 902682 2244 542930 62644 607853 647834 768661 369156 469613 32221 268596 22182 89638 48709 362859 616425 661133 799130 106078 36764 62649 533927
32988 97
721837 475971 848048 136696 220274 4861 20809 269167 789796 13268 20221 221386 998394 218550 224070 341607 8309 10635 484895 519089 670517 6850 776304 737133 154188 126143 727060 20873 6609 883790 778756 52747 2656 354098 717551 221648 641367 43822 71654 215205 503602 768 576376 666423 501161 19458 6 221454 800675 31690 393948 551406 511962 427116 792575 632227 79173 9033 109911 4960 70782 940346 953830 32828 812389 4520 281 159542 979070 359919 176251 1753 247746 922662 26 618936 698352 46885 8680 196776 427119 91204 259235 191555 181871 717390 37028 461301 108420 528719 361639 361806 504517 171106 939061 588271 138083
116469 39
432698 517236 17175 77828 962454 442278 43769 112745 74719 763055 448161 2189 3090 63566 543829 725643 73985 6274 36961 666144 419769 475655 780063 933402 536603 378379 965443 21705 53729 672876 582823 383010 766541 131693 219768 616260 169682 199136 260270
46608 41
389326 459556 247917 460718 950402 31213 603347 520718 96458 657900 25001 194216 2753 3103 462846 65657 919444 270250 134079 10279 56687 443 21790 114585 500 536274 110879 218040 619284 628337 878604 140249 521166 94032 91189 269295 685127 20773 698341 705004 54657
8200 77
9305 997424 240645 349590 361550 282077 15200 23697 178847 196143 819131 314519 16534 112474 150384 799878 488957 4490 608502 275276 118421 441859 55419 716916 467194 756761 42165 19457 236297 319783 170222 40371 248740 380395 362871 297296 173970 944 45170 201426 72123 793484 766602 15342 624262 97475 1115 126015 797220 124910 202134 120968 364215 849419 844840 647731 500445 203772 97043 316155 691827 491717 209516 334295 112283 827596 694006 682854 80274 55675 570730 841421 960725 279981 496432 892890 56486
178359 22
558027 127464 806890 230581 113402 486476 974916 368878 766092 730041 910807 26019 413477 93397 492287 292335 2173 30043 18191 318311 107734 528840
2771 30
24301 326842 64648 63580 605050 51191 879305 325217 533900 916066 502206 352918 453693 640880 125824 48403 3689 104433 44938 531259 657807 624638 150103 178911 605174 6364 26766 901737 770279 18619
33429 24
32739 117886 644233 604016 7767 507701 61341 5881 144780 995905 626252 333198 30795 809509 243128 254455 400614 334315 17635 1887 2718 251230 925007 1303
97219 44
713078 823701 901070 71 352273 842330 48414 635101 19711 341274 333175 254123 393 453062 435296 999806 755920 14710 861534 113209 57694 159646 2137 964703 813818 907363 124781 919067 5922 95968 405280 318030 7847 347903 144262 75099 887737 193792 10246 698534 876114 229966 818519 904215
183968 52
113589 278821 93641 6353 12476 235534 706617 359916 860630 61736 15687 652834 575280 387712 108506 720579 504825 851509 797985 25 22056 56434 803329 685811 100213 28462 2806 93595 50755 952721 27532 540839 6527 167 560036 117477 282904 579895 668614 150799 52547 624063 165 124 105306 338415 52405 77535 147406 832729 511820 247460
6026 22
174031 96861 16312 791440 29717 438985 42931 173255 20860 667243 520395 61802 496886 301353 363815 997306 92041 25663 33656 36518 59828 265
114487 45
924 540432 500344 635725 10145 491160 29273 15994 874729 6222 300016 530313 250103 88558 562262 95920 366372 27460 416474 18603 205489 662409 753164 287206 82044 675218 7143 696570 473111 667049 152570 135047 452515 218895 995790 14616 274934 128576 20462 422227 79922 15851 676328 534596 2031
74325 45
658637 326900 799717 868261 71435 47113 4600 280398 56596 911859 70690 10031 470529 180697 738348 732123 214960 795791 160716 86847 468675 86688 127356 48028 132592 433711 170870 42183 431013 6330 582614 342564 110508 62346 523032 407 638528 239806 14247 810645 622347 44174 387978 754142 764441
42752 90
697139 966600 76289 723467 91723 347327 722 178955 794725 134556 285081 129443 449486 620351 4884 41232 13187 143932 166127 459580 12897 530021 16164 810793 39955 432050 886103 964333 677141 750340 273368 102979 857700 150176 870922 722580 742716 37481 795470 13703 591318 181290 397443 210003 18848 232855 71881 2883 170695 271924 325980 11241 307917 64707 65041 973456 142957 899546 226479 4474 252263 96834 810100 700131 92821 156867 344413 811602 282667 2750 126074 521450 70626 90 76489 15048 395922 9556 333223 561304 179227 23746 28230 118774 598593 119900 350039 718721 164983 7700
35673 13
829568 992069 191 317716 49335 384693 365352 264058 548188 382425 388224 406450 22537
156701 13
667894 610138 687287 99661 20158 43019 559432 49550 561335 793398 43369 780264 807109
7671 16
206195 979007 73838 941108 221563 315979 552944 424781 677433 128416 171901 168148 547648 122304 891610 58652
103954 80
24123 360990 23480 712459 447429 1910 508061 257959 67339 2399 14823 2621 594132 534888 907933 215246 134547 144280 393226 588 873403 82028 370260 922759 215988 168972 17374 450280 79236 47653 962797 203137 153656 15 911117 745587 795309 268467 741633 664889 21628 23592 94550 613509 341018 632106 647016 187647 574013 273135 818838 76650 369 3651 14598 582782 367731 486944 36901 17859 4917 683478 3111 425887 852114 104072 732122 697964 24098 170530 9959 33 873867 615972 834611 213149 537395 748161 914768 341850
3294 99
766127 775693 266632 595556 59216 413899 981538 865861 574303 653375 447711 3677 130457 11849 474416 294882 349293 972008 975855 36487 724934 618473 10030 130826 215913 670915 491391 781236 359451 255305 9386 5671 742795 47980 62198 22736 555035 203055 49261 405669 161176 1222 287787 866888 3 434254 794655 576371 562322 447709 567433 21656 274 398400 552704 430707 1517 140379 704 661153 81780 114750 4517 14847 9829 399623 1213 665948 700755 971739 170 543 314829 909137 33771 189958 170381 737230 925773 123917 325814 218813 312001 11497 249418 462732 42878 577723 453991 52278 663466 572066 1098 255731 97772 8400 414548 830153 129096
37102 70
381372 78038 475791 670050 340193 509587 49617 887923 399151 407792 572317 317342 459555 3969 58747 933815 100839 736169 57758 417969 821 273179 384983 52665 113772 198762 707631 683317 150783 291107 657368 333016 894814 180119 878514 87536 220240 968696 261584 91839 353392 82839 509008 597857 10390 76284 220698 485696 970111 261956 282767 38275 637700 288651 413708 778234 7740 156379 835229 761179 135292 413716 28623 614721 346059 790448 540473 13417 693177 822280
732 32
454434 618394 169847 307242 2297 4386 582796 105529 233128 128347 80682 282322 446519 470849 34021 411827 49008 591258 3299 306230 256514 644413 556300 124953 122081 5161 121158 408074 251569 105776 508366 29439
97091 29
91698 738548 282809 950887 311542 53674 894006 238768 594059 240847 59294 24445 14907 669493 826142 488842 267532 658900 508364 236331 48931 134695 326832 544909 1630 25148 207936 434 230644
159427 98
362268 657082 686505 16949 63975 34271 633353 40645 602646 125858 1646 524148 801285 788204 46249 81226 195875 875940 111359 32454 174037 147575 478037 233993 843122 422793 79689 595059 555155 22573 31042 7082 224969 667850 97766 6804 88193 436644 346417 930695 795571 483898 229894 130320 651199 945743 48766 296635 89968 871188 312826 556894 143106 333 857761 312236 340769 40348 3910 404185 894086 404830 926888 21692 54524 356388 139049 374174 279577 730480 100168 152377 344576 455972 203227 72533 325886 677147 566685 7385 243628 335548 331686 19736 1340 181454 378249 209 565628 71708 221 33118 599 95628 881744 11743 4888 12605
216882 16
196890 367925 504563 591233 64030 52931 8301 8213 36629 19233 492408 263090 296559 149968 44644 181854
6579 10
258179 630618 133110 251498 13678 797340 351380 223825 28803 56892
130252 72
730922 52507 59319 370868 702234 6774 173583 591439 654702 516853 138496 853827 715084 657252 256145 33796 517961 158627 437005 115054 8640 72468 822460 782996 440045 289421 156385 3203 960893 809865 15607 265955 1960 886350 589348 897054 238834 476981 454238 304198 701794 245769 16029 856650 243500 15860 212235 657175 1181 489067 239566 43860 102293 312178 31878 162980 420960 930472 50330 28121 10295 379 325497 440303 936248 81572 790825 45862 75738 114883 710046 20766
220317 62
609987 146455 204412 163401 970811 471195 61934 737811 197120 426530 441295 733618 286514 508831 38 635358 459282 926887 94319 73420 101846 119846 650663 954005 436352 942394 8189 16174 483951 440205 38358 2024 347287 545767 432267 6788 2511 98300 750786 6643 23115 335911 5188 944925 318010 12481 166698 410731 385944 373786 882361 359207 544572 221 434563 367 212474 502307 941726 66428 608312 386269
75182 52
193763 225543 220620 800880 8290 5270 138925 327365 611426 5776 295364 44287 374132 266602 496297 969857 933468 4943 455016 137175 784687 354985 608384 7 50109 16890 795755 904210 283771 1598 491984 2819 252769 487124 377227 294842 215291 10280 708044 61126 136080 819863 386131 2843 141216 565 134438 579061 335582 621245 179099 375548
122869 53
634968 203500 69903 57348 694965 5361 507480 794315 968521 417955 185594 562401 4823 518958 448770 19155 763595 153732 451738 421942 382027 851744 7774 606997 654309 271365 9225 392673 226091 456821 166899 121961 171983 534589 306291 18603 186323 302311 638837 443094 532116 559399 2204 962157 799085 340879 575289 893392 986054 99181 167115 472057 62459
244467 76
119 1474 577934 22879 305337 61271 152488 3131 18383 139249 39659 381252 612843 56204 369982 24278 688080 102778 669030 603442 36986 957223 71073 98486 580 373667 10886 144344 977254 3553 3594 517284 669288 646414 119435 422491 139555 339898 543258 324788 65531 727518 223707 297502 459148 941647 699544 856516 894601 67362 475949 123266 464341 156295 2252 475 50205 21865 6254 573834 365785 870298 251719 509687 55257 255054 463 867863 290925 614931 207597 228439 992 77528 351556 650527
61130 97
277624 101640 726467 399866 214692 519784 66295 453455 171518 12346 45958 330258 106863 160314 905213 691737 307532 825 437197 529058 189801 513623 523183 210 8228 25839 300994 132745 97255 10270 168365 942150 272801 9379 33043 550505 279657 174360 822996 90031 566917 12582 21247 539484 119841 620179 56475 840369 265117 4156 983131 17630 32428 309625 796305 111041 893567 633348 677850 172605 20356 303918 720720 318683 340870 253845 576935 828602 894062 80704 253432 489095 112084 263424 372597 146447 91459 35463 60021 88212 738736 985859 802413 206187 714961 112575 117070 22210 65579 94277 416462 14523 192679 112607 11404 312288 813115
146724 18
34062 152622 28649 369541 85078 196677 183017 192903 10461 339590 560195 333316 229787 929082 89388 29415 293256 711
137729 51
565534 835244 715394 104577 400921 666816 648660 360679 724170 12108 679090 750907 71429 273534 779785 158022 485969 14976 16915 129681 935992 80082 452004 398664 657990 326984 12902 758563 120578 25 16066 2916 758417 450686 281954 248461 72138 16071 333169 218977 724500 155541 77098 16572 253091 495671 167065 96784 831082 842847 374302
118764 94
692032 13297 59946 384547 122408 40022 6653 191016 225198 806713 49789 4232 135590 160857 5063 767 84086 952030 994745 424830 20126 157356 32008 138286 714618 536869 138449 9451 299730 104893 378546 777634 564682 47255 295512 116707 673756 654688 47672 216468 70836 206302 546957 115325 44894 745763 471579 404199 19610 919711 484999 143578 418106 540517 28911 7642 140523 28387 162230 211142 5867 100062 21265 157190 791289 808111 25747 478917 521960 10852 884236 16338 80658 998255 84161 623764 216457 25512 672957 741559 349976 470116 218878 139666 34574 535504 648076 106074 484993 25658 401081 2736 108075 710454
30994 65
44037 1898 99015 613068 64777 807 189887 555427 50681 876938 793301 246012 698234 650262 933254 196711 669510 875885 56829 1138 61673 104721 702003 144501 9903 129376 316183 285182 271010 75373 775173 896636 646 423869 37747 461749 770077 165791 577908 518046 18883 342717 158257 651438 180605 72171 24472 7608 252191 86031 76298 861708 348913 4414 813960 237442 67278 11158 2490 335 630305 571461 689204 273163 818865
168610 84
166205 552142 975250 23301 524426 18123 12824 148646 273406 72834 996686 231214 802843 73966 266851 214851 340979 19502 13 510813 151868 55270 52097 620377 557088 18045 888341 309034 254317 318649 8473 999737 927953 8855 378290 250650 883781 743491 124905 226931 772393 373092 623578 54963 173005 581937 306377 703841 496333 30635 393592 244855 46870 17120 585847 179403 572629 643404 51732 507356 163933 616566 156948 769863 327915 172147 49173 53990 257487 789440 18060 676334 993727 189283 18834 622945 143829 183540 983516 413112 790560 349411 37377 2740
103676 81
230280 355753 900436 925282 553421 816709 4987 2553 41114 14565 460217 214220 829413 964614 12893 220189 599607 6937 464403 635947 264066 153501 554792 567349 925147 55 38314 23354 151970 812646 18133 883252 29754 262513 586949 279888 220534 58818 101372 157267 38197 356546 2570 761 27432 582684 883349 904709 401376 24310 970040 416801 643117 14574 4406 21383 981937 2604 380477 2916 507044 629265 747936 802937 259 274209 211557 91 122696 543781 6210 94791 623474 333044 383556 218168 181231 296036 477424 33659 3
79878 27
753482 181325 534410 769093 902324 673 109297 504504 241387 150638 694943 473713 30542 70172 797526 763792 300595 168464 23326 18298 72866 77647 875287 28526 5352 38734 593151
169487 44
61995 166226 567 11719 215602 46676 789229 5684 985438 78756 851794 881344 7060 121791 64365 272573 174255 836909 24734 655808 739038 174449 4955 678065 650922 991005 89000 566941 4415 16284 33654 908 223808 888676 89618 10801 603068 16254 124903 242405 494222 386185 941 366029
159502 18
202584 5020 670500 961894 198265 687059 421253 173483 55467 713589 11447 51170 605185 412429 681872 326572 853214 175454
96069 11
255555 246261 681299 1183 179018 108374 798849 58453 158420 527789 354493
53190 59
198144 153739 618789 639508 401947 234502 328355 652453 87858 49905 121301 327 375344 641368 534309 22613 11317 918547 58916 771490 822880 466430 94163 753014 366794 950259 3930 272664 3618 76106 127459 869 127921 592055 427022 52584 982136 572406 274750 337121 41394 1 221116 125209 591322 27742 577820 455495 597427 539 9729 136048 305317 391177 413324 730960 914269 402171 922918
34748 34
30440 17431 31650 626497 153605 695118 24707 260209 2068 270316 8408 322127 453475 83364 252241 777992 237057 419138 806213 24575 16792 395521 726812 65515 368759 747241 117425 164987 24747 580022 503 29889 367044 9078
17863 88
5951 4360 277483 11942 56013 379643 949718 243350 109271 194664 943327 244743 105189 867439 861397 811345 377185 854723 181712 374466 726632 10567 3495 15323 994277 2155 500057 765197 799461 187390 81992 677199 121579 109335 77444 13217 33 591996 162980 545653 604700 643354 387945 533500 855542 3519 637161 983233 902617 786691 38018 981974 258019 382992 746817 430349 601914 410598 943783 804578 354995 862656 61570 9940 244594 833817 315890 476743 372431 912406 316877 984638 37926 417386 463037 828715 328187 680914 94977 343913 158321 108866 68261 75637 383679 191952 195985 12319
30965 37
5996 319877 63533 323393 378858 88783 720855 119856 912375 120880 523469 119831 936053 11187 383161 111767 10295 535904 24693 301709 378391 501132 68461 573098 16055 435 246548 245461 311034 865 270260 34490 412297 1125 851904 23673 252475
174 85
869713 373 379071 62376 29946 291 63689 426151 156063 118271 18182 297398 904764 903864 201800 130285 370428 198926 366016 421499 260282 66 848542 97710 231078 169865 259813 200022 22936 71759 7035 2723 724286 47766 121389 34407 80283 59652 217779 414566 458018 246297 181831 26326 116052 714060 305193 112767 788704 387177 367335 360053 860765 153084 552990 286005 66113 355960 116747 202959 32757 689693 260163 447130 242491 582644 23375 620262 396731 110400 269170 639870 428153 884031 863683 672973 991271 244460 378097 570743 332431 6154 247963 21745 711996
228485 57
230087 862622 3711 176639 450472 427503 382 609232 677049 1722 796650 15575 146489 21931 300101 42875 684415 1752 495263 201428 52493 807555 71098 84766 31351 836869 10736 24189 981989 886401 627083 369988 967 66224 183504 255871 356112 768405 778812 15912 891898 767315 582524 632107 659125 12445 183973 188979 164880 14548 732203 406360 453645 298048 916877 527417 576349
81161 22
100133 118142 425897 143641 278835 110396 1230 379744 358345 979195 292489 3870 480972 105175 137550 528002 427353 105122 66211 788563 207278 2
27047 65
862846 11473 161249 103291 177012 416434 119399 586332 172660 817632 148195 39137 156366 145482 444568 154609 666155 612699 556812 716970 77339 345782 808156 720583 881539 800427 334747 448076 4483 603250 206320 10737 778288 772871 503190 158433 506 33482 30989 504951 5763 6767 126107 501867 275377 999301 152478 638198 4943 659030 500603 585210 231049 9762 26904 737868 534182 267853 879481 696711 407222 501412 101119 917800 59078
66788 65
270232 62029 206006 695453 983673 573245 219396 623914 242450 918580 24585 55615 150789 661833 275959 483 198335 398438 53619 520712 587568 227517 574958 331014 645325 120623 367844 19373 426145 4599 333643 376929 113787 253984 991830 261701 640989 198126 120216 16061 15118 1847 339851 131832 785631 535863 937940 54574 15865 46491 117145 55180 24616 733515 574136 615438 608578 82227 733989 231825 306758 370826 78334 156 394874
72292 65
5775 920257 466328 318608 5458 128689 56136 558461 321257 378926 336750 601245 173017 744334 68885 218342 243124 487079 232236 565 449476 564334 39227 546307 694092 102 439654 220231 401905 44569 92150 204990 937101 355645 291477 78610 19877 14936 1245 19672 689879 67256 583091 355289 73140 4419 98138 354809 40299 164397 529234 836256 146670 474088 17780 10028 66364 326019 786189 983565 353868 5287 669576 449353 107817
189762 83
25340 649383 227809 195009 201450 50767 590350 89486 4721 714203 118181 433934 6050 954048 301180 345588 530783 637921 56595 234 914985 2417 756887 52546 56075 558194 966218 707133 136063 676915 613234 199086 10386 461896 514359 163001 247413 861603 32675 17309 988983 494219 816488 528512 144175 977109 896865 187846 706611 854402 732839 144015 996558 470741 646487 612762 128712 441489 98443 7295 627512 480462 852724 123960 87986 32109 45578 272673 173026 213870 417628 404235 3712 81234 37278 508815 64753 644007 732132 658040 875053 991857 907300
949 45
780849 301179 774555 214918 463277 815340 953207 822653 194098 24005 208052 645346 56330 969748 683424 686482 638565 393262 503332 955475 63478 984388 225794 7832 503740 81403 897316 478955 3226 719816 1520 933099 942648 783575 15179 3 547484 370005 143750 164177 275706 602111 506118 695008 332532
17350 49
468623 172434 37152 726151 456899 378540 221 754327 336068 536067 900410 995040 277247 760564 279381 72909 578390 607851 933617 98139 761857 104679 184 156349 268506 181935 507727 75343 9188 387439 53522 335418 976317 334068 1309 61809 993227 681862 509283 692036 173976 311305 40818 168830 160250 827444 14166 100934 474751
116558 24
210897 310474 76539 672483 274418 297641 364250 260023 602660 86777 40168 801900 2249 47173 872665 2215 649498 31553 801733 96382 227932 744886 199600 179492
162303 45
282974 32272 955959 326322 720399 89312 597078 16792 152518 15342 15476 380 352810 264115 37810 955209 338092 489764 73489 147280 145336 751079 870611 667363 944308 971985 414758 55765 222830 340738 715901 508274 88451 154724 600647 185177 234410 932056 647507 510931 298968 517916 182690 849894 1737
106188 22
56484 851135 92501 2 377050 262435 588793 332 1453 67407 460692 15598 447999 790126 458009 523065 2 162750 74262 14680 14012 893239
179184 71
409351 834894 158045 461830 299020 490017 339697 22155 265887 14354 294125 597051 74204 306000 152756 102722 168277 4527 66145 424638 111119 17472 951863 325653 5785 188509 39381 267400 3372 191526 735429 2 16177 239028 101063 434377 92147 209901 236631 8929 76846 751607 637234 112718 95029 3505 11319 225831 190645 143102 198007 18656 16105 468826 669043 93740 250170 713076 149188 1664 318132 14332 830409 766245 285621 107297 331961 137000 394533 128221 917813
16307 23
529008 365041 967480 16532 12664 151705 21185 572558 119782 650903 718029 726396 449215 55516 934698 322261 53943 451658 152735 897392 468172 190590 90383
5454 36
956839 564512 185916 585736 686 395678 359851 5051 342038 32645 5485 338962 324353 765171 440926 4080 187873 869718 562530 17378 31970 10037 938444 520826 1020 3943 161282 21283 118437 89915 64365 994670 1295 435814 45822 119327
31581 75
146290 524713 71575 828075 877548 23631 355015 560986 3537 517803 361969 361905 86663 134724 133547 368711 727708 585583 475267 65 1114 8410 211778 837770 917710 155744 719483 803927 63 16309 401780 80821 586762 11824 188707 14083 501524 238042 111381 7265 27812 103808 573550 844287 473166 163667 111830 755 509966 16711 703180 364325 133525 30700 31409 141356 995682 486463 20867 584204 96945 730805 41574 795774 223440 271899 240472 113191 45608 920757 438634 679252 631517 330544 474
176715 28
617830 5036 74083 592568 609445 862604 93840 168323 1338 201641 197373 299222 23792 226313 963930 24207 1352 841184 865735 946416 698708 115855 953193 19072 100287 46737 872176 1467
558 12
3835 438673 6208 806627 317482 704234 317 43816 25880 232912 28191 14699
99 10
444233 602942 29011 40353 395173 326924 58186 635381 129626 410052
40184 42
538665 276061 182440 120094 252560 31041 747910 29811 59897 33096 367949 671207 71217 101037 79219 367009 79797 46759 739817 910997 386050 137523 504021 384006 864350 451671 65541 506435 39310 220384 114717 120893 100745 40498 205783 73742 37504 643483 834593 739287 502701 34460
104467 47
932674 1 807134 352058 773076 894667 9632 4912 259426 38638 13299 216170 441756 162144 954794 12547 955432 81817 697358 70808 110473 175440 960346 519062 771250 972784 427634 120332 31300 894814 471384 416413 981253 551468 314424 1074 997133 116800 392244 796864 547067 34972 30854 449054 403710 13555 113926
6604 89
404481 28718 101786 16402 665517 185798 14 25279 438257 128083 547346 143042 39500 751315 306216 207878 203003 340026 751312 771059 133222 861711 290723 956050 22285 50896 391551 453536 234163 226028 78048 33205 59470 200611 275890 2289 611026 164079 342076 199609 505016 84361 214057 4860 24535 6912 720887 112226 354745 905719 629869 235782 1144 3532 184586 926274 484289 258716 1777 201886 677616 28486 713271 701936 350380 268260 651479 436237 641864 191562 27971 902756 756591 877446 367680 85987 5621 106229 116338 377517 21823 160300 8023 352102 373438 112495 680877 600699 491871
188607 87
215137 13451 28252 364967 601723 923707 273654 356 311539 749 727892 982534 161 320344 524415 246511 67735 726566 533540 583948 2 626402 62950 13477 32328 74438 286374 21818 653242 941556 291525 611451 311981 3662 27828 800356 2 129472 840618 782020 199307 81328 198606 72909 67940 972459 797140 291327 127891 200394 100790 705749 8439 23590 865 57481 169353 602044 598127 44336 736746 132931 94840 442835 29670 731200 37135 583503 539748 4251 181916 9032 280548 948316 89323 888505 116392 20716 409039 380802 390057 96995 360985 597791 954043 114087 44774
