100
3 8
5 6 9 4 8 2 1 7
3 1
2
3 10
2 4 8 16 32 64 100 100 100 100
3 10
1 4 4 4 4 4 4 4 4 4
100 1
100
3 5
11 20 60 22 100
2 10
100 100 100 100 100 100 100 100 100 100
3 5
100 100 100 100 100
3 4
1 6 12 49
2 6
9 64 19 16 81 80
1 10
100 100 100 100 100 100 100 100 100 100
1 10
1 1 1 1 1 1 1 1 1 1
1 5
75 83 99 56 35
10 3
88 24 21
1 3
4 12 6
8 7
1 95 49 54 1 51 51
4 7
2 1 14 75 57 6 41
9 1
1
1 4
7 2 36 54
14 5
15 94 43 99 19
3 8
17 1 5 33 63 19 97 2
10 7
35 27 2 75 67 13 88
21 2
35 90
25 5
54 77 1 1 1
9 4
1 14 17 18
1 6
42 66 98 32 17 42
13 9
11 25 32 84 14 64 1 12 53
1 9
64 34 41 15 8 1 97 71 57
5 7
21 92 10 59 58 44 7
1 3
75 27 97
2 5
26 83 3 14 1
24 4
5 1 23 47
14 1
81
9 5
11 67 86 61 23
1 6
2 92 10 15 83 12
1 2
38 91
13 9
64 1 1 1 65 4 56 64 56
7 5
63 21 91 25 24
19 7
22 27 8 16 1 20 14
14 9
73 85 63 49 20 1 99 51 82
5 4
1 1 96 50
16 1
4
3 6
30 1 81 21 13 82
6 3
77 41 52
8 9
9 19 9 55 11 21 2 38 80
1 5
30 13 93 9 3
5 2
47 40
1 9
38 93 1 2 7 30 73 45 2
25 4
11 1 2 47
10 1
64
8 8
2 18 73 27 63 52 55 7
1 8
61 75 53 21 5 20 54 91
2 1
59
2 1
47
18 1
46
24 7
36 10 23 87 5 18 47
5 4
16 2 64 90
21 1
50
3 7
9 3 3 36 26 61 1
1 9
68 13 52 69 80 12 1 22 61
3 8
3 70 7 69 1 3 21 82
16 7
13 74 1 72 1 78 16
6 2
16 11
16 1
51
1 3
64 82 11
4 7
22 30 62 35 88 88 1
6 8
15 12 1 4 36 45 9 4
6 9
56 52 98 91 58 67 26 83 29
2 6
57 24 6 81 71 1
1 9
90 2 51 80 93 13 25 97 33
25 8
1 78 1 43 29 41 1 2
20 2
2 3
13 9
13 6 46 8 7 10 74 67 10
12 1
44
1 1
52
25 9
6 1 93 82 49 62 17 1 18
4 3
89 24 8
4 3
67 61 1
22 3
65 1 3
4 4
98 85 71 11
1 1
2
8 4
76 4 10 80
1 1
54
1 3
96 61 67
1 2
11 35
23 3
5 85 36
11 1
42
2 4
90 7 58 1
3 9
19 1 49 35 18 82 87 82 36
24 6
1 5 38 5 81 24
4 4
37 2 9 47
2 6
13 10 26 23 4 98
8 7
62 19 93 11 1 13 94
15 8
55 10 7 23 7 38 1 47
16 1
60
1 4
17 5 1 4
18 3
23 3 4
22 6
1 72 1 1 53 74
12 8
94 1 36 53 18 17 27 83
10 7
1 23 2 3 29 4 52
